local Library = loadstring(game:HttpGet("https://raw.githubusercontent.com/xHeptc/Kavo-UI-Library/main/source.lua"))()
local Window = Library.CreateLib("Lenovo", "DarkTheme")
local Tab = Window:NewTab("Madu")
local Section = Tab:NewSection("Section Name")
Section:NewButton("10", "ButtonInfo", function()
    print("Clicked")
    _G.AutoFram = true
    while _G.AutoFram do wait()
    game.Players.LocalPlayer.Character.HumanoidRootPart.CFrame = game:GetService("Workspace").CloneMonsters["RedPanda Rookie"].HumanoidRootPart.CFrame
local args = {
    [1] = 1
}
game:GetService("ReplicatedStorage").RmEvent:FindFirstChild("Status/Data").CastSkill:FireServer(unpack(args))
    end
end)
Section:NewButton("20", "ButtonInfo", function()
    print("Clicked")
     _G.AutoFram = true
    while _G.AutoFram do wait()
game.Players.LocalPlayer.Character.HumanoidRootPart.CFrame = CFrame.new(-101.233009, 175.383804, 471.143311, 0.852651775, -8.65747385e-09, -0.522479594, 1.37319844e-09, 1, -1.43290055e-08, 0.522479594, 1.15001839e-08, 0.852651775)
wait(.1)
game.Players.LocalPlayer.Character.HumanoidRootPart.CFrame = CFrame.new(37.4230919, 175.383408, 473.867859, 0.182227656, 4.97824004e-10, -0.98325634, -4.81463515e-11, 1, 4.97378361e-10, 0.98325634, -4.32958877e-11, 0.182227656)
local args = {
    [1] = 1
}
game:GetService("ReplicatedStorage").RmEvent:FindFirstChild("Status/Data").CastSkill:FireServer(unpack(args))
    end
end)
Section:NewButton("30", "ButtonInfo", function()
    print("Clicked")
    _G.AutoFram = true
    while _G.AutoFram do wait()
game.Players.LocalPlayer.Character.HumanoidRootPart.CFrame = CFrame.new(-131.580475, 176.697479, 624.517151, 0.0784368664, -6.94218585e-08, 0.996919096, 1.73538002e-08, 1, 6.82710208e-08, -0.996919096, 1.19453691e-08, 0.0784368664)
wait(.1)
game.Players.LocalPlayer.Character.HumanoidRootPart.CFrame = CFrame.new(22.3843822, 175.311569, 643.994446, -0.325531453, -4.82130673e-08, -0.945531189, 5.07598497e-09, 1, -5.27380379e-08, 0.945531189, -2.19673932e-08, -0.325531453)
wait(.1)
game.Players.LocalPlayer.Character.HumanoidRootPart.CFrame = CFrame.new(-54.0349579, 176.667358, 655.509521, 0.917050362, 2.80066619e-08, 0.398771465, -8.0625453e-09, 1, -5.16910177e-08, -0.398771465, 4.41881518e-08, 0.917050362)
local args = {
    [1] = 1
}
game:GetService("ReplicatedStorage").RmEvent:FindFirstChild("Status/Data").CastSkill:FireServer(unpack(args))
    end
end)
Section:NewButton("40", "ButtonInfo", function()
    print("Clicked")
     _G.AutoFram = true
    while _G.AutoFram do wait()
   game.Players.LocalPlayer.Character.HumanoidRootPart.CFrame = CFrame.new(-164.673538, 175.3116, 930.288452, -0.997559965, -1.83231545e-08, -0.0698150098, -1.49047477e-08, 1, -4.94847008e-08, 0.0698150098, -4.83233826e-08, -0.997559965)
   wait(.1)
   game.Players.LocalPlayer.Character.HumanoidRootPart.CFrame = CFrame.new(-85.4441986, 175.311203, 858.626221, 0.754746556, -9.01322252e-08, -0.656016529, 5.6090208e-08, 1, -7.28614822e-08, 0.656016529, 1.81958502e-08, 0.754746556)
   wait(.1)
   game.Players.LocalPlayer.Character.HumanoidRootPart.CFrame = CFrame.new(3.90188193, 175.311584, 832.595642, 0.325624257, 8.26395805e-08, -0.945499241, -3.53693608e-08, 1, 7.52221183e-08, 0.945499241, 8.94755825e-09, 0.325624257)
   local args = {
    [1] = 1
}
game:GetService("ReplicatedStorage").RmEvent:FindFirstChild("Status/Data").CastSkill:FireServer(unpack(args))
end
end)
Section:NewButton("50", "ButtonInfo", function()
    print("Clicked")
     _G.AutoFram = true
    while _G.AutoFram do wait()
    game.Players.LocalPlayer.Character.HumanoidRootPart.CFrame = CFrame.new(-88.5794449, 175.422928, 1044.85376, -0.250559211, 3.45128086e-08, 0.968101263, -7.0486287e-08, 1, -5.38929115e-08, -0.968101263, -8.17412271e-08, -0.250559211)
    wait(.1)
    game.Players.LocalPlayer.Character.HumanoidRootPart.CFrame = CFrame.new (-13.2807055, 175.422714, 1037.84155, 0.156298488, -6.56920163e-09, -0.98770988, 1.72482348e-08, 1, -3.92152488e-09, 0.98770988, -1.64233231e-08, 0.156298488)
local args = {
    [1] = 5
}
game:GetService("ReplicatedStorage").RmEvent:FindFirstChild("Status/Data").CastSkill:FireServer(unpack(args))
    end
end)
Section:NewButton("60", "ButtonInfo", function()
    print("Clicked")
     _G.AutoFram = true
    while _G.AutoFram do wait()
    game.Players.LocalPlayer.Character.HumanoidRootPart.CFrame = CFrame.new(276.679291, 184.925705, 1070.30115, -0.452575505, 2.7386136e-08, -0.891726077, -1.671261e-08, 1, 3.91934876e-08, 0.891726077, 3.26410827e-08, -0.452575505)
    wait(.1)
    game.Players.LocalPlayer.Character.HumanoidRootPart.CFrame = CFrame.new(365.180511, 180.160782, 839.131226, 0.991859376, 9.36154052e-08, 0.127338156, -1.02165288e-07, 1, 6.06117538e-08, -0.127338156, -7.31278789e-08, 0.991859376)
    local args = {
    [1] = 5
}
game:GetService("ReplicatedStorage").RmEvent:FindFirstChild("Status/Data").CastSkill:FireServer(unpack(args))
    end
end)
Section:NewButton("Stop", "ButtonInfo", function()
    print("Clicked")
    _G.AutoFram = false
    while _G.AutoFram do wait()
        end
end)

local Tab = Window:NewTab("inf")
local Section = Tab:NewSection("Section Name")
Section:NewButton("infskill", "inf", function()
    print("Clicked")
    _G.AutoFram = true
    while _G.AutoFram do wait()
        local args = {
    [1] = 1
}
game:GetService("ReplicatedStorage").RmEvent:FindFirstChild("Status/Data").CastSkill:FireServer(unpack(args))
    end
end)
Section:NewButton("infskil5", "ButtonInfo", function()
    print("Clicked")
     _G.AutoFram = true
    while _G.AutoFram do wait()
local args = {
    [1] = 5
}
game:GetService("ReplicatedStorage").RmEvent:FindFirstChild("Status/Data").CastSkill:FireServer(unpack(args))
    end
end)
Section:NewButton("Stop", "ButtonInfo", function()
    print("Clicked")
    _G.AutoFram = false
    while _G.AutoFram do wait()
        end
end)
local Tab = Window:NewTab("Boss")
local Section = Tab:NewSection("Boss")
Section:NewButton("Boss1", "ButtonInfo", function()
    print("Clicked")
   game.Players.LocalPlayer.Character.HumanoidRootPart.CFrame = CFrame.new (-1718.52515, 302.397888, 193.451859, -0.292409182, 6.45918306e-08, 0.956293285, 2.58820254e-08, 1, -5.96299188e-08, -0.956293285, 7.31447169e-09, -0.292409182)
end)
